,emotion
2954,3
2709,2
2357,2
6195,2
1366,2
293,1
8528,2
8595,1
1506,1
8205,3
6058,1
1634,1
3707,1
4562,2
5009,1
3378,1
1563,1
9041,1
6647,2
1979,2
1883,2
438,1
6207,2
4863,1
6581,1
8420,1
2280,1
4235,1
5981,1
4442,1
373,0
8030,2
2585,1
8180,2
6753,2
9057,1
3346,1
1784,1
5403,1
7997,0
8194,1
6033,1
5739,0
4951,1
2945,1
4645,2
7626,1
5839,1
8435,1
3434,2
4042,2
5190,2
7767,1
1541,1
8337,1
322,1
2031,2
993,1
6599,1
7719,2
6205,2
7187,2
3263,1
6468,1
2184,1
110,1
4125,0
8882,1
1079,1
2226,1
2991,1
8299,1
2705,2
5601,1
8408,1
1164,3
7552,0
1450,1
7616,1
6636,2
5018,1
5650,2
4938,1
6459,2
6658,1
7903,1
3254,1
7908,2
5014,1
8193,1
8170,1
1514,2
2313,1
8315,1
1451,1
2020,1
3534,2
4694,1
4162,1
4587,1
838,1
9015,1
2374,2
3509,1
3017,1
7269,1
3459,2
5709,2
7531,2
450,1
7100,1
1714,1
3458,2
4823,2
339,2
3658,1
5072,1
7319,1
8064,3
2670,2
1419,1
34,1
8505,2
8366,1
4374,2
5358,2
1410,1
3448,0
2170,1
5170,0
889,1
8542,1
4295,1
6523,1
2244,0
4397,2
6633,2
7356,2
8600,1
5812,1
432,1
1654,1
178,1
4121,2
8805,2
8664,1
6896,1
1886,1
8519,1
1786,2
4039,1
6576,1
5389,1
2181,1
5824,1
6088,1
2069,1
5743,1
4996,1
4013,1
880,1
4057,1
3767,2
4322,2
6821,1
6720,1
3981,0
7374,2
2997,1
2982,1
1706,1
1158,1
2306,1
7333,2
7841,2
6875,2
5152,3
6391,1
3870,2
6659,0
3026,1
7372,2
1564,1
1782,2
5229,1
3734,0
6239,2
904,0
8790,1
4196,0
7514,1
6730,1
2080,1
1565,2
4907,1
3309,1
5245,1
6014,2
6568,1
3969,1
6112,1
5284,2
1113,2
2646,2
4803,1
5874,2
6326,1
5364,1
2300,0
7349,1
254,1
4978,1
4742,1
3817,0
5803,1
6637,1
3771,1
6170,2
6282,2
2589,2
3068,1
303,1
5112,1
8251,2
6529,0
3532,1
3132,0
1436,1
3145,3
6562,1
376,1
1869,1
4110,1
3260,2
1834,2
1658,1
755,1
7023,1
6756,1
4303,2
290,1
2236,1
3573,1
7295,2
2118,0
5050,1
5729,1
501,1
3071,2
8983,1
4055,1
1539,1
5040,2
1211,2
7708,0
8286,2
672,1
6547,1
5264,2
3479,1
8933,1
8398,1
7789,2
1464,1
4194,0
7828,1
1192,2
3125,1
2264,0
421,0
505,2
6649,3
2623,2
1582,2
506,2
6543,2
2405,2
5501,2
6046,2
621,1
2126,2
4682,1
4092,0
3921,3
3045,2
5867,1
6997,1
347,1
797,1
5804,1
2829,2
4614,1
8970,1
8470,3
7703,1
8780,1
312,1
6128,2
746,1
790,1
2476,1
2024,1
3761,1
2570,1
6237,2
4331,1
7252,1
5508,2
4414,1
4273,1
259,2
2163,1
8325,2
380,2
4997,2
4564,1
1912,1
5706,1
599,1
45,2
1444,1
1652,2
2699,1
8074,1
1893,1
1944,0
2406,2
5461,1
8880,2
8836,1
1966,1
9001,1
5857,1
4074,2
7752,1
1600,1
6125,1
1392,1
7370,2
8546,2
4233,1
4333,2
5436,1
426,1
5128,1
2853,2
410,1
8271,1
8138,1
7803,1
2486,1
4220,2
779,1
4606,0
4127,1
3780,2
210,1
2487,1
6258,1
7487,1
8731,1
8438,2
1049,1
8223,1
4368,1
2035,1
8278,1
8677,2
7883,2
1972,2
5660,0
2099,2
1499,1
1109,1
7308,2
5904,1
652,1
3593,1
2732,3
3034,2
242,1
1795,1
1702,1
5614,2
5722,2
6629,1
1498,1
2756,2
3898,1
6690,1
2178,1
7020,2
4254,1
7953,1
6244,1
9038,1
705,3
1872,2
7664,2
3936,1
8000,2
4217,1
8521,1
8953,1
4383,0
6080,2
3480,1
6951,1
565,1
5884,1
3574,1
4514,1
2987,0
640,3
4657,1
8673,2
2778,2
507,1
6176,1
1964,2
6623,1
1534,1
325,1
6443,2
2338,1
3533,2
5646,2
8914,1
2237,2
8883,1
4684,2
5452,2
8788,1
5430,1
5324,3
864,1
7457,2
8321,1
3209,1
4845,1
2815,1
8451,1
7537,2
371,2
7113,1
4692,1
7947,2
2542,1
7885,2
4836,1
7076,1
8676,2
8895,1
2364,1
5659,0
1360,2
911,1
8215,1
3686,1
5354,2
3677,2
6740,2
5360,1
4041,2
964,2
7620,2
1423,1
122,1
479,2
662,2
3290,1
3834,2
3367,1
6511,1
2988,1
3279,1
2776,2
439,1
1379,2
4767,1
6192,1
5277,1
4982,1
1443,1
5459,1
8011,0
1477,1
2039,2
1173,1
5642,1
6084,1
3933,1
5060,0
5215,2
4418,1
2893,1
2669,1
4309,1
279,1
3955,1
5523,1
5169,1
6804,1
2571,1
5763,1
1101,2
568,1
1694,1
4929,0
3903,2
4864,1
8020,1
3305,1
577,1
59,1
3110,1
787,1
4816,2
5840,2
3325,1
6381,1
5366,1
7993,2
5918,2
7491,2
4932,1
3443,1
4817,1
3231,1
3862,1
335,0
7624,2
4710,2
3649,1
5028,1
467,2
184,1
3785,1
6575,1
420,2
2350,2
553,1
1397,1
1384,1
4483,1
4148,1
1760,1
8658,2
297,2
443,2
777,2
1119,1
6134,1
3774,0
9088,2
1921,1
655,2
6410,2
2229,0
6066,1
2842,1
2537,1
3412,2
6911,1
8418,1
2540,1
5438,2
5285,2
2457,1
2578,1
7737,2
3578,0
8001,1
2758,1
6708,0
5821,1
558,1
320,1
3039,1
1371,1
3296,2
8700,1
907,1
7289,1
1433,1
8412,1
5496,2
4060,2
7448,0
4999,1
3159,0
7084,1
926,1
5042,2
2470,1
15,2
143,2
7477,1
2363,1
5361,1
7127,1
1161,1
5431,1
4720,1
8128,1
8436,2
1204,1
3349,2
1362,1
6660,2
1212,1
1876,2
8199,1
6952,1
4367,1
7765,2
5035,2
4392,0
1170,2
579,1
2182,1
4129,2
4838,2
5593,1
1833,2
6858,2
1825,1
6592,2
1859,2
6724,2
5652,1
2685,1
5257,1
3881,1
7188,1
3121,0
387,1
8604,1
1032,1
6442,1
2488,2
2286,1
3187,2
2629,0
5007,1
3662,0
3058,3
8210,2
931,0
8256,2
691,1
4342,2
1891,2
2268,1
5466,2
829,1
4541,0
8479,1
3815,2
8581,1
44,1
3101,1
4877,1
3012,2
8294,1
4098,2
223,2
2965,1
1187,2
6203,2
837,0
3519,1
1683,1
7458,1
3059,1
3382,2
7928,2
7080,1
63,1
3092,1
617,1
5107,1
6489,1
227,1
5235,1
7361,0
6908,1
6260,1
3195,2
5263,1
3728,1
8494,1
969,1
1805,2
2447,2
925,1
3460,1
7492,2
5292,1
7104,1
5664,3
2851,2
8511,2
4246,0
1860,1
5039,1
7913,1
6558,2
7750,1
4222,1
252,1
5958,1
6480,1
1789,2
6879,2
2059,2
6194,1
3047,1
6061,1
5955,1
1902,1
2750,1
3334,1
2119,1
7376,1
4574,1
5834,2
2689,2
5963,2
4354,1
1923,0
5682,1
75,2
2345,2
2351,2
6221,1
430,2
6760,1
4471,1
4003,2
5529,1
8545,1
4189,1
7373,2
7527,2
6798,1
3535,2
8233,0
240,2
783,2
1354,1
3066,1
5059,2
977,1
809,1
2168,1
7689,2
7235,0
1599,3
2941,1
3684,1
8991,1
5164,0
684,1
7797,2
6249,1
1620,1
7825,2
1482,1
2146,1
1801,1
2095,3
4981,1
9033,2
1357,1
6608,0
4963,1
6860,1
4252,1
8283,1
7212,3
4004,1
8538,1
1609,1
3826,1
494,2
3852,1
3319,0
8994,1
2017,0
4934,1
2328,1
29,2
5838,1
5228,1
8911,2
3118,1
1092,2
3246,2
124,2
5274,2
7301,1
4350,1
6110,1
8941,1
2298,2
6361,2
1553,1
8318,1
3341,2
598,2
2123,0
7578,1
1416,1
4828,0
3884,2
5826,2
5145,0
5787,2
8060,1
4824,1
2197,1
6250,1
3362,2
5623,1
725,1
3985,2
978,1
808,1
4038,2
6841,1
958,1
5679,1
7757,1
5654,1
810,1
8204,1
834,1
4147,1
2423,2
5271,2
4753,1
1235,1
1225,1
6534,1
6569,1
4716,2
4411,1
4328,1
3217,1
6114,1
287,2
4112,1
2966,1
3164,1
4921,1
7563,2
6870,1
1657,1
1975,2
2397,2
452,1
6582,1
5828,2
4518,2
3617,2
2619,1
422,1
5720,2
1220,1
2929,1
657,1
3301,1
4786,1
2845,1
3023,1
6142,1
8760,2
1001,1
102,3
2418,1
6129,1
6339,1
8456,1
6925,2
1580,1
4099,2
2248,1
2206,1
170,0
7503,2
135,2
757,1
8775,1
1310,1
1217,1
2284,2
5470,2
2905,1
7160,2
7919,1
5710,2
1935,1
7801,1
1743,1
4139,0
807,1
2045,2
5648,1
462,2
2927,1
1956,2
2445,1
4813,2
8269,2
5903,1
3235,1
799,1
2402,0
4701,1
1073,2
4516,0
5379,1
144,1
8097,1
1340,1
4170,1
7275,1
2091,1
6210,2
6630,2
6627,1
8949,1
5938,2
7202,3
7216,1
4827,2
5612,1
1003,1
5296,1
6739,0
5956,2
4291,2
3470,1
7659,2
555,2
6462,1
4355,2
8302,1
1485,2
7146,1
1272,2
9021,1
1411,1
8507,1
753,1
1471,1
4407,1
8084,1
3977,2
6594,1
8961,2
3076,2
7853,1
6579,1
3288,1
4842,0
4210,0
981,1
8329,2
4705,1
2722,2
8508,2
1268,1
2462,1
4487,2
268,0
3580,1
654,1
4386,1
4001,1
4229,2
3597,2
2413,2
6123,1
2821,1
428,2
589,2
495,2
7884,1
4306,1
6520,1
5006,1
9000,2
6425,2
528,2
1808,2
4886,1
2055,2
1231,1
2028,1
5597,2
677,1
8039,1
6725,1
5756,2
8495,2
5832,2
2741,1
7769,2
4123,1
8426,1
2432,2
5286,1
5022,1
551,1
5114,1
6802,2
5846,1
1611,2
8733,1
5310,1
8333,2
7122,2
673,1
7741,2
4818,1
4043,2
5197,2
5799,1
5336,1
605,1
4446,1
7548,0
6247,1
1468,1
7961,1
1982,1
5998,1
890,1
4091,1
6149,2
843,1
2155,1
6695,1
8886,2
2077,1
7868,0
5097,2
9084,1
3520,2
5714,1
2799,0
5945,2
584,1
3268,1
8235,2
1260,1
5537,2
4201,2
7012,1
9061,2
6388,0
4067,1
4568,2
7488,2
3806,1
4288,1
8916,2
2550,1
3783,1
7050,1
4032,1
344,2
2185,2
5092,2
8873,1
5848,1
7584,1
8793,1
871,2
4773,1
7733,3
5880,1
8141,1
90,3
4898,1
5268,1
8866,2
4030,1
4169,1
8113,1
6483,0
2117,2
2937,1
5283,1
7590,1
2836,2
3096,1
5712,1
4353,1
947,1
2925,2
7601,2
3214,0
7700,1
5288,1
883,2
4512,2
6593,2
8421,2
6375,2
3941,3
627,1
1456,2
8689,1
7381,1
6686,1
5641,2
5952,1
8963,2
8720,1
7163,2
7017,1
2415,1
4821,2
8274,2
7580,1
4128,2
8136,1
4762,2
2899,1
433,1
2398,2
2209,1
1710,2
3353,2
8559,1
4671,1
104,2
7556,1
1186,2
6661,2
3184,2
8903,2
8085,1
7193,0
7603,1
8990,2
151,2
3282,1
6290,1
6146,1
915,1
1305,1
6074,1
3049,1
5672,1
6499,1
8655,1
7177,1
5875,1
4712,0
4056,2
6603,1
2796,2
2701,2
1398,1
2519,1
3358,1
5764,1
183,2
8744,2
366,1
4894,1
4832,2
5062,2
6234,1
2417,1
4012,2
471,2
967,1
6676,2
6590,1
2656,1
3879,1
6918,2
209,1
1961,3
896,1
8540,1
5307,2
6107,1
1773,1
6518,1
2299,2
1209,1
8980,1
5684,1
9067,1
1270,1
1251,1
3176,1
6334,2
6363,1
4607,1
4103,2
1292,2
6017,1
5363,1
3370,1
5273,2
3289,0
7539,2
3651,0
3315,2
4157,2
292,1
6242,1
4634,1
1051,2
2231,1
4937,2
4556,2
272,1
2042,2
5281,0
4053,1
7924,2
103,0
1086,1
4750,0
8042,2
5211,2
4490,2
2903,1
8687,1
7165,2
8395,1
5702,2
6352,1
8910,1
6950,1
6578,1
4198,1
5070,1
613,1
7469,3
4899,3
4793,1
5566,0
3478,2
5841,1
7944,2
1748,2
732,1
7644,0
4482,1
4007,1
6243,1
2910,1
6322,2
2662,2
7899,1
4779,1
3773,1
3113,1
3303,1
2154,2
1344,1
8936,1
3261,2
7508,2
4113,2
6433,1
952,1
6711,0
3021,1
3308,2
1504,0
4707,2
1806,2
8449,1
4405,2
3791,1
1121,1
5632,2
8654,1
6008,1
4844,2
4927,1
4613,2
5960,1
6503,1
1848,2
416,1
2973,1
6662,2
2431,1
2518,2
564,1
2526,2
6253,1
8969,2
3251,1
1224,1
142,2
4942,3
1490,1
7756,1
6968,2
1590,1
4539,1
5731,1
2653,2
2004,1
1194,1
4313,1
3409,2
1117,1
5987,2
1756,2
497,1
5119,2
12,2
870,2
3357,1
912,1
3582,1
721,1
2805,2
9040,1
7278,1
8718,1
8310,1
1496,1
8055,0
1520,0
6307,1
5639,1
6389,0
2746,2
8758,1
4731,1
314,1
7015,1
8054,2
4630,1
3350,1
108,1
1754,2
7019,1
1351,1
3129,0
3991,2
7355,2
7175,1
5528,1
3968,2
480,2
8987,1
1973,2
336,2
2764,1
6421,2
7045,1
6859,1
4601,1
2985,2
4633,2
3477,1
3558,0
2809,1
5405,1
6855,1
307,1
3908,0
348,1
7780,2
8636,1
5396,3
3682,1
4814,2
7048,1
2053,1
71,1
4522,1
5758,1
5213,1
6808,1
1666,1
5074,1
8611,3
7025,1
1445,1
6135,2
4610,1
1695,2
2892,1
7521,1
3203,2
1630,1
6120,1
1881,2
7118,1
4584,1
848,1
8890,1
5076,2
4808,1
2877,1
7889,3
3779,2
1830,2
6746,2
5239,1
1234,1
4896,2
3915,1
446,1
844,1
8609,1
8393,2
2440,2
3103,1
7414,1
8440,1
1294,2
5549,2
3442,2
7159,2
5968,1
5011,1
776,1
8832,1
2153,1
4687,1
8627,1
4868,2
5769,1
7792,1
3183,1
5572,2
3199,1
5766,2
1289,2
8525,3
8041,1
5869,2
5559,1
4106,1
4126,0
6745,0
3966,2
1879,1
8709,1
5831,1
7747,2
6041,1
6920,1
6455,1
6759,2
1036,1
636,2
8105,1
4134,2
4376,0
1083,1
861,2
903,2
191,1
109,2
1942,1
4332,2
7340,2
7237,3
8981,0
6175,1
2775,1
6810,1
2323,1
8795,2
2617,3
8222,1
1094,1
5064,2
4586,2
3135,1
4738,1
3805,2
7655,1
2654,1
4352,1
5829,1
6510,1
5532,1
8469,2
5627,1
8806,2
2202,2
5012,1
7707,1
8142,1
975,1
8848,1
941,1
2387,1
3221,3
3882,2
8579,1
7256,1
4851,2
2789,2
944,1
7949,1
1857,2
8565,1
4108,1
7284,1
3255,1
2690,1
5576,1
1319,0
8984,2
5571,1
5573,1
4885,1
3475,1
3505,1
2477,1
4503,1
5428,0
6021,2
4381,1
8967,2
1874,1
7288,1
4317,2
2904,2
570,1
1448,2
4890,2
5121,1
5212,2
8829,1
7606,1
3226,1
8857,2
3978,2
6849,1
3539,3
4660,2
2827,1
5531,1
1338,2
3262,1
5244,2
650,1
2902,3
2258,2
6064,0
7735,1
2730,2
4511,2
7630,1
8782,1
2584,2
3196,1
6299,1
8885,1
1258,1
8331,2
991,1
3504,1
113,1
919,2
2509,1
8549,1
8234,1
7912,2
949,1
4696,0
3770,2
7442,2
2850,1
5318,1
4398,2
6273,1
8410,1
2505,1
1114,2
8081,1
298,1
1675,2
3347,1
2735,2
6414,1
8367,2
4764,1
4325,1
5517,1
4848,0
4421,1
6437,2
2103,1
8248,1
5547,2
6101,1
1837,1
6615,1
6939,1
6693,1
607,1
1093,2
8701,1
5192,2
8098,0
160,1
203,2
5882,1
8166,1
2934,1
6003,2
2435,0
1230,1
7588,1
6749,1
8774,1
4693,1
6286,2
5259,1
4251,2
8088,0
4034,1
7344,2
4290,3
4334,2
4860,1
3877,2
5725,1
857,1
7690,1
7032,1
2561,1
3801,2
2640,2
7498,2
2347,2
6857,1
2781,2
4639,2
8095,2
7592,1
615,2
7153,2
2575,1
7639,2
3340,0
7380,1
1705,2
8900,1
4486,0
1493,1
9058,3
4791,0
803,1
8752,2
7207,1
990,1
6729,1
6117,1
5269,0
3513,1
8844,1
7071,1
219,2
8033,1
1288,1
3163,1
2618,1
3612,1
43,1
5351,1
3792,2
3571,2
7246,1
1503,2
4560,3
8938,1
3439,2
1892,1
8473,2
1955,1
5137,2
1505,1
670,1
8773,1
5792,1
897,1
7420,2
2666,1
3193,1
2890,1
2621,2
4925,1
6880,1
7622,2
2370,1
8160,1
1769,0
7271,3
5863,1
531,1
7172,1
7542,1
5425,1
8134,1
8191,2
731,2
3406,1
2339,1
8831,3
8468,1
2565,0
6337,1
6415,1
5513,1
5744,1
5707,2
4900,2
8114,2
1255,1
2104,1
6835,1
5106,1
8735,1
5615,1
4789,1
4434,2
3484,1
8628,1
3816,1
4698,1
8100,1
8968,2
8265,1
1621,1
8568,1
5316,2
5120,1
7977,2
1096,2
5226,1
8616,1
2463,2
6187,1
1788,2
7254,1
6822,1
5090,1
192,2
820,1
4685,2
6935,1
6670,3
4166,1
2687,2
7168,1
4800,2
4902,1
5527,1
2607,2
6113,1
238,1
4015,1
8416,0
2977,1
6040,1
8303,2
945,1
5267,2
6538,1
5584,1
4751,2
3552,0
9064,2
3360,1
7324,1
2410,2
4507,0
7185,0
3982,1
146,2
5458,2
2294,1
8646,1
3611,1
1736,2
6280,2
114,2
7906,1
7053,1
498,0
720,2
5893,1
3089,1
5929,1
5990,1
596,2
8257,1
5262,2
1647,2
5680,1
2700,1
6081,2
1700,1
8051,2
6885,2
4861,1
2942,2
6449,1
86,1
2308,1
2677,0
6750,1
6340,1
2594,1
7779,1
1029,1
136,2
6392,2
5041,1
7888,2
4409,1
1200,1
8651,1
5411,1
566,2
5961,3
3927,2
6412,1
6223,2
4950,2
7725,2
5359,1
6847,1
2330,1
3515,2
2187,2
195,1
5708,2
802,1
5221,2
6919,2
2068,3
4740,1
7716,2
644,1
8522,2
7682,1
120,2
2981,2
3074,1
8026,1
3278,2
2135,2
5081,1
134,1
7371,2
8762,0
2559,2
62,2
1358,1
4772,1
2467,2
679,1
5577,2
741,0
5533,1
3641,1
6846,2
8699,1
3258,1
1873,1
2596,2
1717,1
2912,2
2843,1
4027,1
9052,2
6589,1
6673,2
489,1
493,1
690,1
3821,1
602,1
1911,1
7412,2
7717,2
7866,0
4726,1
3757,1
2366,0
4370,1
5651,1
8517,1
1361,2
4905,1
1526,1
6984,2
4989,1
6824,1
1551,1
5140,1
8807,2
1337,2
3901,1
3010,1
7851,0
2250,1
2346,2
8434,1
2784,1
6914,2
150,2
2804,1
4812,2
2086,2
3751,2
2259,1
4017,2
6157,2
8759,2
7706,1
6586,1
3856,1
859,2
6225,1
6632,2
8767,1
7379,1
7429,2
4462,2
7018,2
1779,1
8487,2
5199,2
1818,2
6398,3
2704,2
175,1
2093,1
7267,3
3491,2
8008,1
82,1
816,2
6026,1
7111,2
5552,1
283,2
7847,2
6127,1
7923,1
2915,1
1813,2
1271,1
4856,1
8721,2
7443,1
6027,2
2642,2
5375,1
4508,2
2305,1
5332,1
4195,2
4655,2
6671,1
4168,2
3849,1
8954,1
7072,2
6464,1
2414,0
3554,2
4691,1
4498,1
2195,2
2600,2
7011,1
4314,1
3366,2
8856,2
8345,1
2633,1
8801,0
2434,2
6848,2
5544,1
5426,1
4520,1
3545,2
4891,2
7823,2
517,1
5015,2
5635,1
1415,2
4664,1
4456,2
7979,1
127,2
3474,2
6535,1
4310,3
2438,2
3765,1
8500,1
5095,1
8881,1
1473,0
6111,1
3560,1
3951,2
49,2
7447,2
887,1
2616,2
516,2
3168,2
2949,1
1424,1
139,1
1924,1
2378,1
3197,3
112,2
4559,1
4595,1
3250,2
4690,1
6068,1
6370,1
4546,1
5595,1
3277,2
5151,1
7865,2
8061,2
5048,1
8510,1
6050,2
3222,1
6742,3
451,1
3731,1
8075,1
7822,1
2763,2
658,1
7028,1
4620,1
999,1
389,2
3407,0
1476,2
2240,0
2386,1
992,1
3922,1
2972,2
3386,2
5715,0
4769,0
1293,1
1824,1
2873,1
4173,1
2535,1
8295,2
1907,2
6903,1
368,3
1151,1
6357,2
8749,1
4847,1
6650,1
6163,1
4160,2
4287,1
6377,1
5928,1
174,2
1903,2
1099,2
6646,1
3408,1
1538,2
2292,1
8452,1
1363,1
5730,1
5440,1
5594,1
5793,2
680,2
6270,2
3664,2
1661,1
508,2
166,2
9056,1
1006,1
6989,1
6752,1
3494,1
8370,1
8863,1
2536,1
1104,1
3875,1
6161,1
1752,1
7582,1
2916,1
6605,1
152,1
3907,0
8298,2
2552,1
2773,1
5925,1
3551,2
3722,2
7198,2
8424,2
8937,1
4538,3
6717,2
1822,1
4086,3
5046,2
7710,1
6009,2
6348,2
309,1
6333,1
6025,1
3599,1
3622,1
7174,2
3450,1
4591,2
205,1
1135,1
2749,1
3613,1
305,2
1849,1
8301,2
1988,1
3240,1
2798,2
4515,1
6328,1
3109,1
4059,1
1987,1
7310,2
383,2
4307,1
3388,1
8018,1
2727,0
5198,0
5303,0
7611,1
4952,2
3832,1
8450,1
4776,2
4276,1
253,1
8777,2
7259,1
278,1
3252,2
2480,1
289,1
4993,1
3075,1
7034,2
6231,1
5255,1
5974,1
8833,1
7073,1
5266,1
7623,1
270,2
4570,1
6451,1
6560,1
9017,2
7768,1
4207,2
3218,1
1391,3
3975,1
4316,1
5503,2
6020,1
6098,0
83,2
873,1
8730,1
6261,1
4557,1
4500,1
4647,2
2038,0
8813,2
5686,1
2450,1
3954,2
2329,1
8288,1
6133,2
8512,2
4746,2
8515,2
5323,1
7178,1
8267,2
6723,1
1216,1
7632,1
6580,2
1064,1
3786,1
4410,1
5599,1
8613,3
8089,1
3008,2
1105,1
5696,1
7366,1
6153,2
4956,1
5414,1
7224,2
4369,2
2765,1
3929,2
5856,1
7702,1
6167,1
5250,1
7786,1
2451,2
5118,2
5398,1
3824,1
8544,2
2652,1
8272,1
3743,1
2176,1
8417,1
3318,1
6973,2
2787,1
4105,1
5231,1
1676,2
3947,2
7369,1
7309,1
6155,0
7662,1
6092,1
2503,2
7227,1
2369,2
4967,2
2217,1
2218,1
3326,1
5748,1
3583,1
7834,1
6716,1
6321,1
5278,2
8174,1
85,1
2801,2
3671,1
3667,1
8904,1
4590,2
2019,1
6424,1
2525,3
6301,2
5970,1
7726,0
7377,1
6642,1
2895,0
7713,1
4714,0
8363,0
3425,2
5689,1
5518,1
6900,1
6169,0
5950,2
2001,1
7468,1
869,2
356,2
7660,1
6318,2
1275,2
1890,2
7613,1
7388,1
8339,2
3563,1
4958,2
6788,0
2380,1
3823,2
6974,2
7070,2
3306,1
7739,2
3499,0
5471,1
1116,1
8971,2
8047,1
5507,2
6768,1
6532,1
3645,1
2500,1
6817,2
2783,1
3809,1
6086,1
7535,1
6409,2
1696,2
6502,1
2052,2
1776,1
5382,1
3313,2
4781,1
7194,1
5563,3
1592,2
1723,2
7821,2
9089,1
6815,1
490,2
8296,1
3483,1
5102,1
3431,2
8612,1
6324,1
25,2
3512,1
2409,1
3270,2
1552,1
8353,2
7480,2
3871,1
3402,0
4529,1
979,0
2655,1
1847,2
6531,1
6794,1
5866,1
7434,1
5911,1
1102,1
3276,1
6054,0
7426,1
8743,2
3996,1
194,1
4711,2
643,1
3285,2
3116,1
3575,1
8192,1
4320,2
9085,2
2207,2
4552,2
6045,1
3718,1
972,1
7476,1
719,1
8572,1
3896,1
2803,2
2566,2
4025,1
32,1
6912,2
8978,2
4063,1
8065,1
1697,2
2792,1
2222,2
3764,1
3866,2
7743,1
8046,1
7013,1
5814,1
3758,1
8407,2
3227,0
6400,1
7088,1
3904,1
2277,1
5589,1
1401,2
739,1
4266,1
8965,1
8203,1
8186,1
3851,1
7505,1
6726,2
5333,1
9007,1
674,1
5819,2
5224,1
3841,1
1815,2
6963,2
8946,1
8357,2
4653,1
5996,1
2100,2
6325,2
1673,1
2101,2
4213,2
8518,1
1548,1
9008,0
3323,0
5953,1
355,1
5184,1
1461,2
6252,1
8533,1
3220,0
8209,1
5147,1
6463,1
1751,1
6566,1
8176,1
1772,0
1196,1
1878,2
2668,1
3171,2
2016,1
2005,2
6844,2
3893,1
3237,1
4424,1
4744,2
2078,1
5219,1
396,1
2788,1
5862,2
8607,2
4072,2
7021,1
8641,1
5935,2
1519,2
6712,1
1378,1
1023,1
2587,1
6263,1
5008,1
2857,1
7285,2
5873,1
1629,2
4888,2
4526,2
3523,1
6382,1
3607,2
8563,2
5220,1
234,2
6360,0
3796,2
4118,1
5001,2
3800,0
7848,2
7364,1
5024,1
1948,1
470,2
6191,2
3492,2
2671,1
8909,1
2224,1
1106,1
2188,2
818,1
4523,1
7784,2
7699,1
5823,2
8539,2
9016,1
888,1
2437,2
817,1
7946,1
3414,1
2341,0
8198,2
3167,1
7389,1
6587,2
1264,1
5086,1
5194,2
4449,2
4945,1
4045,1
8547,2
7047,2
1228,1
5965,2
5590,1
5141,1
52,1
6006,2
7066,2
159,1
6188,1
1587,2
1589,1
5688,1
8305,1
6308,2
3858,2
7988,2
5492,1
2828,2
436,1
6688,2
3878,1
1588,2
2780,0
8127,1
7375,1
7354,2
4727,1
973,1
1238,2
2951,2
2342,1
5994,2
2158,1
6620,1
1497,1
4545,2
4257,1
2422,1
5185,2
357,0
5242,1
6567,1
8394,1
2092,1
2015,2
9045,2
7292,1
187,1
5629,1
3655,0
3426,1
5900,1
1381,1
6115,1
413,3
5037,1
4897,2
3336,1
3606,2
3175,2
7286,1
8826,1
6395,2
256,1
7937,1
200,1
2235,1
4743,1
1767,1
4236,1
7156,1
1572,2
24,2
7900,2
1088,1
4674,2
2694,1
6217,2
3398,1
3559,0
8317,1
2841,1
2311,2
8276,1
3234,2
4152,2
1309,2
695,2
7942,1
3752,2
1227,1
1999,0
276,2
5554,2
8391,1
7917,1
3637,1
6775,1
4778,1
8817,1
4117,1
5770,1
1137,1
2767,2
6713,1
8143,1
942,2
8316,1
8056,1
4935,1
3935,2
5711,0
2384,1
115,1
6994,1
9070,2
3119,1
4258,2
5505,1
7199,1
2819,2
3822,2
8255,1
4699,2
8605,0
3802,1
3536,1
3825,1
7529,1
7460,0
4810,0
1946,1
6866,1
5858,2
5335,1
3488,1
1610,1
6108,1
5794,2
4677,1
4959,1
7762,2
4761,1
2194,2
6559,1
5113,1
557,1
7808,1
7633,2
1207,1
5809,1
5993,1
1510,1
3829,2
3732,1
6526,1
3211,1
3630,1
7049,1
6838,2
266,1
1140,2
3162,1
7116,1
3730,1
1909,1
5991,1
2660,1
656,2
7086,1
6423,1
998,1
6085,2
2834,1
8334,1
1237,1
2151,2
6494,1
7871,1
5091,1
2186,2
1134,1
5004,1
1303,1
1627,1
6448,2
1522,1
8918,2
358,1
138,1
299,1
1556,1
5099,1
382,2
8776,2
6975,1
4857,1
7952,1
7265,1
8926,1
8086,2
6901,1
5498,1
5807,2
8385,2
2721,1
1932,1
6079,1
3236,1
3140,1
4163,1
7959,1
3807,1
8614,1
8196,2
4154,2
4172,1
796,2
2416,1
785,1
3158,0
123,1
2172,1
7228,2
7167,1
8448,1
4340,1
910,1
2309,1
8778,1
3634,1
1257,1
4458,1
1178,0
4652,1
3650,2
442,0
7666,1
1399,1
1457,1
6162,1
1054,2
8478,1
3275,0
7669,1
3699,1
3759,1
929,1
7317,1
7089,1
1829,1
2928,2
5694,1
4221,2
3546,0
8045,1
6000,1
7063,1
2011,1
7581,1
8647,1
3219,1
2606,2
3264,1
4928,2
7562,2
6657,2
6,1
2980,1
3361,2
4774,1
1943,1
6100,2
5499,1
1635,2
1141,1
7677,0
8280,2
2070,1
3134,2
5160,2
6364,1
6867,1
2242,2
1474,2
7423,1
1889,1
3435,2
6227,1
6311,1
3705,1
2021,2
4020,1
7857,2
7143,2
7696,2
2658,2
1130,1
5557,2
6029,1
1819,2
6130,1
4318,2
8729,1
4144,1
4669,1
1236,1
5476,2
8944,2
1856,1
2282,2
6790,1
8471,2
4093,1
5798,1
5200,1
3421,2
386,2
1628,1
3585,1
6071,2
2714,1
5883,1
7128,1
8472,1
3189,1
9063,2
4305,2
909,0
5385,2
7557,1
1866,1
1842,1
2497,1
8178,1
6482,1
6336,1
5054,1
4006,1
2702,1
3449,2
331,2
6757,1
8090,2
6685,1
5888,1
2459,2
1774,0
8362,1
8899,1
2686,1
8732,1
8116,1
5775,1
6979,2
7352,2
7698,2
7637,2
7139,1
7522,1
5462,1
173,2
6862,1
4615,2
3321,1
6062,2
3372,1
3311,0
5982,1
6219,1
8425,1
6682,2
4679,2
3403,1
18,2
3691,1
7550,2
4096,3
3628,1
7909,1
2174,2
1356,2
5002,1
6056,1
8637,1
5670,2
3112,2
182,2
8268,2
7902,1
1812,2
6458,1
7763,1
4912,2
5668,1
7341,2
1800,2
2429,1
5482,0
8520,1
6151,1
1968,2
6969,1
6666,1
6178,1
4987,2
8868,2
4650,2
1159,1
1213,1
8846,3
1325,1
6152,1
6215,1
4796,2
1455,1
5410,0
7991,2
8543,2
4962,1
7645,2
1644,2
2140,2
4536,2
4457,2
8072,0
5586,2
4378,1
729,1
4357,1
7463,2
1936,3
3793,1
3736,1
2261,1
8489,1
1110,1
8119,1
5480,3
2998,0
2394,2
1185,1
2007,1
193,2
5611,2
7983,2
578,1
5525,1
771,1
2395,2
1478,1
1846,2
8273,2
4274,2
3740,1
4600,1
6845,2
6653,2
4915,3
2073,1
4754,2
1896,2
7360,2
3659,1
2379,2
1447,2
342,1
5127,1
3136,0
2527,1
727,1
4577,1
976,1
7638,2
5443,2
3516,1
6539,1
8898,2
3940,2
1299,1
8876,2
1348,1
660,1
1492,2
9006,2
6962,0
7316,1
5154,1
2315,1
8737,1
8704,2
1085,1
2524,2
7219,1
5374,1
3198,1
5751,1
6773,1
5717,2
6789,1
67,0
9053,1
2269,1
7065,2
6755,1
7870,2
4916,1
5322,1
8336,1
3447,1
2367,2
5933,1
6687,2
2512,2
2723,2
8341,2
7398,1
1143,0
8849,1
6310,1
7358,2
8375,1
4728,1
5494,1
5755,1
6198,0
3789,1
2220,1
5075,1
2331,1
5394,2
6091,1
6611,2
8486,2
4088,1
1967,1
8139,2
7815,1
8712,0
4365,1
423,1
280,2
1904,1
595,1
7401,2
3917,1
5661,0
5778,2
3618,1
839,2
4596,2
6141,1
141,1
2597,3
1377,1
3674,1
7770,1
8996,2
4741,1
3808,2
1138,1
2257,1
6453,2
1787,2
3938,2
6478,2
4646,2
459,1
8672,2
948,2
3700,2
1336,1
4628,1
7954,1
1602,1
2238,2
639,2
8928,1
3830,2
8541,2
6545,1
8219,1
6916,1
1958,2
1070,0
155,1
2295,1
6378,1
4578,1
1089,2
2940,2
723,2
4384,1
930,1
2909,1
6436,0
895,1
3247,2
2326,2
7425,1
6216,0
7394,2
5038,1
4136,2
8402,1
1715,2
1698,1
8810,1
8679,1
9066,3
6765,2
3831,1
3348,0
8652,1
985,2
1821,1
4571,2
587,1
8869,2
5077,0
6383,1
6947,3
8656,1
9062,1
5483,1
6351,1
7268,1
5514,1
7926,1
5553,1
3557,1
1395,1
264,2
3547,2
6255,0
3069,1
5025,1
7067,2
3864,2
8239,1
2400,1
7231,1
3711,2
246,1
1594,2
8802,1
1529,1
6764,2
923,1
6189,0
4364,2
669,2
3604,1
5108,2
1910,2
6976,2
5248,1
3958,2
5643,2
2696,1
2591,0
5906,1
1781,3
3013,2
2307,1
5969,1
3690,1
687,2
612,1
6266,1
3200,2
2267,1
8892,2
7596,1
1898,1
8663,1
7761,2
258,1
2924,1
4943,1
2822,2
3339,1
3525,2
4563,1
5329,1
5223,1
2285,1
4654,2
7990,2
484,1
2211,2
5416,0
6199,1
2555,0
7,2
3657,1
8324,2
4874,2
4402,1
5546,2
8066,2
2426,1
1814,1
8747,2
2274,2
1011,2
6774,1
1067,1
1991,1
3970,1
8240,2
5879,1
7812,1
4542,2
8476,2
3867,2
8560,1
3048,2
781,2
2675,2
1749,0
2791,1
5774,2
4979,2
7445,2
1091,2
6913,1
4627,0
2324,1
8109,1
5055,2
2608,1
8189,2
2290,2
1727,1
610,1
4666,2
7030,1
343,1
8461,3
7791,1
3750,2
7162,2
8459,0
5999,1
3215,2
97,1
6285,1
5176,1
1537,2
3588,1
6601,1
3648,0
7951,1
8399,1
1517,1
5061,1
8498,1
4624,1
4272,1
3669,1
5800,1
2090,2
572,1
8688,1
7572,2
8241,2
3062,2
6341,2
7243,1
6500,1
7145,2
6700,1
4479,1
4948,1
5976,2
370,1
1938,0
8742,1
1753,1
3670,2
3652,1
5201,1
2361,1
4260,1
5432,1
4991,2
8314,2
8599,1
3737,1
6159,2
6902,1
6946,2
5591,1
1171,2
6512,1
6626,1
1422,3
8584,1
8499,1
6574,2
8323,2
874,1
2297,1
2643,1
8356,0
1719,1
5347,1
5932,1
840,1
9035,2
581,1
204,1
1641,1
2014,1
3253,1
6177,2
905,0
631,1
7103,1
6417,2
1974,0
162,1
4998,2
6828,1
8588,2
7568,1
4713,1
875,1
1431,1
4643,1
5080,1
5783,1
8300,1
6246,2
6591,1
6362,2
8578,2
2856,2
1861,1
2659,2
3384,1
8693,2
8887,1
6628,1
6978,1
4733,1
3331,0
8168,1
7518,1
6977,1
2096,2
2003,1
8741,2
7746,1
6800,1
5017,1
546,2
1449,1
6940,1
2610,1
1900,2
7867,1
2757,1
6124,1
1885,2
8931,1
5738,1
7573,1
5890,1
2097,2
8441,1
5692,1
499,1
5624,1
836,1
3471,2
4697,1
7948,1
2171,1
8386,1
5678,1
8340,1
398,1
2010,2
5166,1
5871,1
8902,1
1283,0
8598,2
8102,1
4256,1
1836,1
8722,1
1019,2
7238,2
1326,2
6200,1
475,2
2810,0
7507,2
1651,2
8734,1
1169,2
2528,1
1206,1
6501,1
5469,1
8531,2
7688,1
6314,1
867,2
2974,3
5236,1
5093,1
5433,1
541,0
5195,1
1132,1
8945,2
7879,1
8483,0
3390,1
7197,1
2962,1
4155,2
3259,1
6034,1
8397,2
9034,1
2583,2
2813,2
7749,1
2947,1
5174,1
6890,2
3586,2
8383,2
6548,2
2563,2
2630,1
7998,1
6379,2
5036,1
1080,1
4283,1
6555,1
2085,1
2452,2
4966,1
2023,2
8766,1
8252,1
7676,1
226,1
1013,2
1929,1
7061,1
5251,2
1404,2
2179,1
697,0
1124,1
3895,2
6751,1
5110,2
1778,2
6386,1
2634,1
3489,1
6820,2
1037,1
6093,1
2256,1
6703,2
2613,2
313,1
2649,1
2281,1
7170,0
2547,3
5512,1
5132,0
2159,1
3137,2
8246,2
5850,1
3967,1
1428,1
7106,1
2520,1
6429,2
8401,2
7591,2
7681,1
5602,1
8972,2
448,1
6317,2
1284,0
5995,1
6476,1
3727,2
361,1
6279,2
5230,1
8841,1
7963,2
6251,1
5926,3
5149,2
2460,1
22,2
2066,1
1653,1
702,2
7242,1
2743,2
1376,2
8123,1
2468,2
3754,2
2325,1
460,1
5163,1
4183,1
5526,1
4082,0
1486,2
3678,1
282,1
4558,1
4308,1
4865,0
3537,2
7736,1
2581,1
1368,1
8606,2
6719,1
597,2
4351,1
8118,1
4758,1
646,2
8816,2
6023,0
8029,2
3468,0
6621,2
2990,2
8552,1
4875,1
2544,1
7430,1
5341,1
7978,1
9087,1
4066,1
3988,2
2160,2
685,2
6384,1
3243,1
7195,1
6692,2
8862,1
4083,1
2837,1
3697,1
6267,1
4941,1
5946,2
4583,1
5784,1
4040,2
2230,1
7300,1
2320,2
4878,2
521,1
522,1
5345,1
7799,1
8079,1
8034,1
8690,1
7540,0
780,1
7813,1
6780,2
5607,2
5978,1
651,2
7456,2
2196,2
7347,2
369,2
6561,1
4214,2
377,1
7038,1
2216,2
7608,1
1613,1
1827,1
3632,1
962,2
2993,1
9054,2
7614,2
6781,2
359,2
3839,2
6699,2
1246,1
7052,2
5087,1
3694,1
1573,1
6281,2
7331,1
2567,1
3423,1
2037,1
772,1
5380,1
8695,0
3562,1
562,1
2546,2
5510,2
5330,1
6631,2
4531,1
1674,1
365,1
6572,1
6470,2
4327,1
9076,1
147,1
1668,2
3088,1
7881,2
407,2
8710,1
3456,2
6186,1
4182,2
3576,2
3271,1
4940,1
1031,1
6552,1
8927,1
8919,1
855,1
3926,1
78,1
2247,2
7406,1
9046,1
8698,1
7728,2
6884,1
788,2
2279,1
4095,0
3897,1
6516,1
8243,2
8590,1
3631,1
7485,2
6272,2
424,1
392,1
7464,1
16,1
7473,1
4200,1
2672,1
2444,2
7236,1
6763,1
3493,1
6044,2
1459,2
7222,0
7293,1
6758,2
6643,1
3835,1
8465,0
5683,1
7731,2
5827,3
8861,1
4724,2
7754,1
5887,1
2355,1
6036,1
4798,1
2442,0
6769,2
4592,2
7772,1
464,1
163,2
8506,1
8575,1
7081,2
8888,2
241,1
2009,1
6356,1
3084,2
6208,1
900,1
5542,2
7642,1
7817,1
4837,1
2293,1
8610,0
4481,1
5302,1
4605,2
3716,1
8238,1
6140,1
1764,0
1549,1
3029,2
7549,1
6298,2
2044,0
767,1
5693,1
1508,2
3302,1
4517,1
4219,2
8245,2
6683,2
3292,0
819,2
1403,1
1382,1
2148,2
5671,2
1638,1
5891,1
608,1
399,1
6406,1
882,3
3565,1
4285,1
1179,2
5448,1
4244,1
5218,1
6827,1
2130,1
5078,1
456,0
7597,1
5175,1
1950,1
5372,2
689,2
7895,1
6525,1
8929,1
6488,2
1953,1
5636,1
7108,1
2710,2
7383,3
7422,1
4349,1
4138,3
1884,2
7525,1
4485,2
2494,2
7135,1
3036,1
5777,1
3603,2
845,1
542,1
3724,1
4187,2
3679,2
7974,2
6075,1
7882,1
8169,1
9036,2
2964,1
2529,1
5772,2
1048,1
1960,1
2530,1
7362,1
6524,1
237,3
4917,1
6479,2
1133,1
5901,2
8224,1
4259,2
7876,1
9072,2
7391,1
7541,0
5656,1
7705,1
8024,1
5907,0
2978,2
7907,1
5524,2
8827,1
6754,1
7453,0
3919,2
3138,1
8561,2
5789,1
4073,1
3287,2
3229,1
1826,0
5548,2
593,1
2725,0
4137,1
560,2
7824,1
7046,1
243,1
5435,1
4437,2
6942,0
405,0
1442,2
261,0
6710,2
9071,2
1689,1
1725,2
8148,2
4930,1
5962,2
2496,1
6106,1
6727,1
340,1
6982,2
1601,1
8453,1
5782,1
4576,2
3725,2
2556,1
2785,1
1523,1
7451,2
2831,1
1012,1
7051,0
8077,1
1766,1
4551,0
6549,1
4037,1
6842,1
7896,1
8103,1
8771,2
363,1
5367,1
9042,1
7087,1
8591,1
4725,1
4443,1
7964,1
8711,2
2562,2
7000,2
8727,2
5519,1
8736,2
3083,1
2959,2
2102,2
632,1
2493,2
2665,1
7249,2
4406,1
7348,1
7109,1
2334,3
7663,0
6596,1
3619,1
5561,1
3883,2
6793,2
4211,1
8640,1
1494,2
2401,1
3874,2
1232,1
2661,2
2817,1
6836,1
2774,3
8923,1
7930,2
4153,1
7452,1
3061,0
66,1
9043,0
1735,1
2823,1
6292,2
7621,1
7346,1
2475,1
2564,1
9077,2
3713,2
8121,1
7727,2
707,1
3046,1
8347,0
5189,1
9031,1
5472,2
72,2
6018,0
4448,2
5860,1
4839,2
4131,0
5101,1
1190,2
6431,2
2601,2
1125,0
1241,1
6811,1
3602,1
2349,1
7501,1
3351,3
5094,2
6602,1
4008,2
1577,1
3906,2
3729,2
4358,1
5922,0
1343,1
9081,1
7602,1
440,2
6652,1
1100,2
2637,2
7064,1
649,1
1546,1
7604,2
7628,2
2852,1
3503,1
7213,1
630,1
4768,2
1249,2
6851,2
482,2
1584,1
4676,1
6385,0
1462,2
3040,0
5010,1
7691,1
3273,2
3683,1
6674,2
6807,1
4145,0
8851,1
7110,1
4954,1
3225,1
1072,1
4815,1
7182,1
2631,1
1660,1
5752,1
2425,1
5079,1
8307,0
5902,1
7598,1
3097,1
3976,2
1243,2
1300,1
6284,1
7123,1
6702,1
5481,1
9025,2
5495,2
5291,2
1408,1
1845,1
1798,1
3957,1
1475,1
7250,1
35,1
7607,1
6441,1
444,1
2359,1
3654,0
6302,1
7846,1
3179,2
1286,2
7417,0
4445,1
3416,1
2137,1
6787,1
2636,1
4016,1
4097,2
1681,2
6813,1
8864,2
7279,1
5767,2
6932,2
5275,1
1692,1
8989,2
7957,1
3635,2
372,1
7680,0
6012,1
5453,1
5921,1
4882,3
4565,1
140,1
4884,2
4419,1
8974,1
8201,1
714,0
5923,0
6542,2
5243,1
3188,0
8514,3
4431,2
7016,2
6762,1
406,2
20,2
1004,1
7033,2
4986,1
2411,1
2545,1
7495,3
2390,2
8025,2
42,1
2830,0
5859,1
3371,1
3022,2
3364,2
4399,2
5252,1
11,2
4760,1
1177,2
6772,2
1947,1
2501,1
8432,1
2863,1
7586,1
3865,0
6228,1
1026,0
3848,1
2989,1
961,1
2889,1
3015,1
3338,1
6105,1
6245,2
7367,0
6434,2
7078,1
735,1
4400,1
1440,2
8860,1
8670,1
2875,0
3986,2
916,2
8263,2
7931,1
4089,2
8713,3
8723,1
2772,1
1624,1
7918,1
821,0
1367,1
3712,1
8958,2
1388,1
850,1
1000,1
7431,1
7438,1
4114,0
1637,1
1667,0
4589,1
3173,1
7610,1
1347,1
7802,1
3230,1
7290,1
7054,2
7684,2
7544,1
4783,2
7807,1
3232,1
5704,1
8171,1
703,2
5105,1
7965,1
3291,1
3673,1
2408,1
8707,1
1327,2
8753,2
5773,2
6095,1
5406,0
8190,2
7321,1
6083,1
4909,1
4440,2
1863,1
986,2
7933,2
3952,1
7887,1
8390,1
8229,2
4049,1
6257,2
3485,2
6089,1
2474,1
5238,2
6454,1
3873,1
1198,2
4181,1
1518,1
8237,2
5477,1
6812,1
1799,1
1014,2
128,2
1364,1
7766,2
4470,2
891,1
2793,2
1969,1
5455,2
4403,1
5757,2
6527,1
6294,1
3923,1
5413,1
8379,2
3249,2
6570,2
6638,2
8330,1
1208,1
3868,2
8586,2
4065,1
8360,1
8043,1
1239,1
2289,1
2740,1
275,2
4585,1
1035,0
1229,1
6834,1
1008,1
8144,1
7935,1
5178,1
3828,1
2532,1
4293,1
1058,1
6262,1
7427,1
281,2
1043,1
1316,2
6654,1
968,2
2381,2
7971,2
1939,0
8620,1
1274,1
619,2
9092,1
1742,2
1390,0
8137,2
5943,1
1579,1
1655,1
3568,2
2352,2
2212,2
6116,1
9065,1
6052,2
3178,1
3192,2
1307,1
6099,1
7029,2
575,2
2360,0
6656,1
5802,1
7819,1
7532,0
1280,1
8714,2
4957,1
8227,1
5897,2
5724,1
1993,2
2639,1
269,2
629,1
7415,1
3081,1
3466,1
6430,1
8463,2
7062,1
4396,1
4023,1
8842,1
5543,1
5568,0
2046,2
4356,1
7843,1
2113,1
27,2
2040,2
3928,2
2938,2
3216,1
4933,1
3814,2
129,1
8583,1
6104,1
2278,1
4599,1
13,2
8380,2
4476,1
5947,1
1525,2
2365,1
4648,2
3052,1
4005,1
6980,0
2340,0
374,2
7296,2
6477,1
525,1
939,0
3369,2
5718,0
4573,2
6895,1
2147,2
3591,1
7898,1
8642,1
2958,1
6164,0
3623,0
529,1
3714,1
8791,2
4732,2
1269,0
4281,2
1394,2
4850,1
4009,1
4390,2
1797,1
2979,1
1441,1
7484,2
2625,0
3811,1
5631,1
7502,1
1273,2
6563,1
4703,1
7090,1
1712,2
8867,2
955,0
6675,1
7413,1
7982,2
8523,1
8694,1
7758,1
403,1
2071,2
8853,1
1977,2
158,1
5844,1
7005,2
3888,2
5451,1
902,2
352,0
5326,0
6078,2
6236,2
4540,1
4130,1
754,1
5833,2
2971,1
1082,2
2920,2
311,1
4644,0
661,1
7057,2
1989,1
3665,1
306,2
2335,1
4790,1
2356,0
3702,1
3804,2
1927,2
8481,1
3427,1
749,3
3638,1
7282,2
1266,1
7323,1
7595,1
2956,2
3595,1
2134,2
7179,1
7157,1
7121,1
5066,1
4109,1
4969,1
4904,0
514,2
894,1
409,1
7466,2
9073,1
3461,2
899,2
207,1
8131,3
458,1
2054,1
2430,1
250,1
8351,1
5437,1
1107,1
8992,2
5979,1
1713,2
3911,1
8044,1
715,2
552,2
1439,2
2270,1
3144,0
6917,1
2056,1
1925,1
634,0
6082,1
316,1
8422,0
8798,2
5424,1
427,1
7594,1
105,1
3041,2
4238,2
2169,0
1709,2
89,2
7014,1
2241,1
3174,1
7470,1
6259,1
6732,3
1949,1
4044,1
8952,1
2848,1
6368,1
1,2
6139,1
4337,1
6047,2
935,2
713,1
2720,1
9049,2
5205,1
7656,1
591,1
8920,1
8757,0
2936,1
8602,1
2448,3
1576,2
8040,1
3762,3
213,1
778,1
5511,1
3496,0
7838,2
2043,2
8850,1
8639,1
5420,1
6154,0
1567,1
165,1
4702,1
3566,1
7652,1
8855,0
5439,2
2013,2
273,2
3860,2
4167,2
7972,2
3788,1
5183,2
394,1
583,1
9011,2
9079,2
116,2
6644,1
8202,1
6869,1
9047,1
9030,1
8087,1
520,1
1763,1
1875,2
5355,1
3965,1
3344,1
6598,1
2253,1
6877,1
3224,2
526,2
7478,2
2946,0
4473,2
3899,2
5655,2
692,0
6059,0
959,2
4444,2
8569,1
6342,1
6131,2
3633,1
5805,1
1050,2
590,1
519,1
3380,2
3676,2
5776,1
8213,2
6573,1
5179,2
1607,1
3610,2
8870,2
6635,1
9090,1
1809,2
791,1
792,1
3056,0
1855,1
8608,1
1980,2
3233,2
3598,0
933,2
3963,2
7441,1
5626,1
5506,1
6072,1
1682,1
4179,1
4026,2
8532,2
6446,1
4116,2
988,1
7709,2
8349,2
3453,1
2896,1
3778,1
5658,1
8290,0
3093,1
3155,1
5069,1
5806,1
3201,0
8067,1
8745,2
1098,1
8244,2
2844,1
886,2
3342,2
7751,1
6540,1
8497,2
6096,1
515,1
3356,1
4833,2
1453,0
3553,1
3609,1
8057,0
4665,1
2506,0
2994,2
3999,2
6222,1
8830,1
8998,1
906,1
28,2
8382,1
2507,1
2428,0
5043,1
5346,1
762,2
3747,2
4811,1
284,2
686,2
4799,2
7437,1
2353,2
6353,2
8037,2
4569,1
21,2
2752,1
885,2
8466,2
917,1
7836,1
1040,2
6335,2
7925,2
1265,2
4579,1
8419,1
7059,1
8748,1
277,0
5084,1
2084,1
1245,1
2382,1
571,1
1435,1
3902,1
5089,0
1247,1
7506,1
4681,1
3526,2
6557,1
2514,2
5445,1
1007,0
4770,1
6508,1
6999,0
4543,1
7534,1
7837,2
8697,1
4455,2
2064,1
5352,1
7890,1
1690,2
3117,1
8643,1
5343,1
1985,2
294,2
1547,1
2012,1
588,1
3329,0
2403,2
2129,2
3998,2
1574,1
3741,2
3508,1
8377,1
2719,2
4521,1
6678,1
5150,1
2808,2
8665,2
556,1
6276,1
8023,1
4795,1
2469,2
3738,2
4286,2
8824,1
5289,1
1716,3
7512,2
2604,2
362,2
6924,2
1704,2
6959,1
6714,1
6496,1
2139,2
3239,2
2383,1
7314,1
4311,2
1285,0
1312,1
7921,1
1996,1
3930,2
6183,1
5985,1
8413,2
1591,1
8799,1
8535,2
2162,2
2396,2
317,1
6367,2
8585,1
3111,2
5233,1
7980,2
5068,1
4036,1
795,1
3020,2
1711,2
3387,1
36,2
4549,1
913,0
5721,1
5295,1
3972,1
5370,1
6471,1
4133,2
974,1
7291,1
983,2
9037,3
8156,1
1418,2
7428,1
1560,2
4135,2
5582,2
7967,1
4265,1
1355,0
8458,1
5016,1
8845,1
987,2
2682,1
7490,1
5047,1
1640,1
1290,1
3681,1
1380,1
1933,1
4675,2
2376,0
3160,1
2030,2
892,1
7287,2
4876,2
4069,1
4255,1
2,2
8232,1
8692,1
2109,1
849,1
2737,2
2466,1
1914,1
1596,2
5872,2
1913,0
5139,1
8814,1
5640,1
2736,1
726,2
7214,1
53,1
1796,1
3845,1
6007,1
6402,2
2553,1
2800,1
936,1
2265,2
824,1
4321,2
7274,1
3401,2
1389,1
3564,2
7410,2
884,2
5429,1
5703,1
5690,1
4867,1
6707,1
7936,2
6369,1
1868,2
5181,2
10,2
3415,1
5421,2
7486,2
1463,1
806,2
8147,0
7547,1
7850,2
4068,2
2108,1
8313,1
2041,0
2234,1
7307,1
963,2
7511,1
7831,2
4494,2
2632,2
6094,1
7092,0
704,2
431,1
4388,2
6077,2
145,2
6467,1
2033,2
375,1
1165,1
3500,0
2050,1
3760,1
2624,1
4484,2
4435,0
7962,1
7744,1
7069,1
4361,1
2424,1
1262,2
1771,0
3511,1
271,2
4792,2
4843,2
244,2
8947,2
4572,0
2032,2
5053,1
7897,1
813,2
8784,1
6010,1
3810,1
5727,1
7583,1
9055,1
8117,1
1804,1
8447,1
4346,1
2461,1
545,2
3241,1
738,1
310,2
3521,2
7037,1
1131,1
5545,1
492,2
4111,2
7328,2
2769,2
7564,1
920,1
8908,1
8282,2
3587,1
6640,1
3959,2
7694,2
38,0
4459,1
7126,1
4278,2
7129,1
2983,2
5290,1
6948,1
130,1
5217,1
9020,3
2667,1
7138,1
3223,1
1182,2
7693,1
5392,1
614,2
9003,1
1466,1
4497,1
3042,2
934,2
2419,1
5085,1
3294,2
6737,1
8104,1
4822,1
826,1
1521,1
6831,1
2930,2
4232,1
7686,1
628,1
4430,1
3853,2
390,2
4345,1
8962,2
7124,1
5913,1
3990,0
400,1
4806,1
5135,1
8076,1
3359,1
46,2
5657,1
488,3
3993,2
3642,2
3726,0
8681,1
5208,2
6609,2
7704,1
5319,1
709,2
7119,1
2421,2
5604,1
1750,1
9044,2
8183,1
4062,2
8834,1
338,2
215,1
3663,1
1341,2
8674,2
5616,2
3894,3
3640,1
329,1
7854,1
3004,1
6960,2
4090,2
3115,1
8932,1
2322,2
6667,1
7009,1
4197,2
3549,2
1458,2
171,2
4203,1
8462,2
3569,2
4226,2
5158,2
8387,0
6185,1
1639,1
938,1
60,1
1240,2
5760,2
5136,2
2343,1
6856,2
2120,1
1524,1
7617,1
153,1
6344,0
481,2
6122,0
4460,2
7674,2
7101,1
3920,1
7658,1
7411,2
1762,2
7634,1
7315,2
750,1
7715,1
1785,1
8247,1
7479,2
6212,1
4501,0
4853,2
2711,0
6766,1
8080,1
4193,1
1333,1
1250,0
6887,2
2854,2
186,1
1136,1
8537,1
8825,1
2058,0
8285,2
3850,0
148,1
4124,1
4889,2
8787,1
3363,2
4788,1
2866,0
3776,1
1386,1
5941,1
3067,1
8225,1
5695,1
3629,1
8592,2
4797,1
8068,1
3028,2
2969,2
8439,1
1708,1
2953,1
454,1
6964,1
6136,2
5868,1
6411,1
609,2
4263,1
4826,1
645,0
7454,1
2074,2
4052,1
8126,1
7796,2
1622,1
4683,1
5497,2
7141,1
7320,1
5796,2
7184,1
2081,1
7077,1
40,2
5475,1
2089,1
3924,1
2175,1
7313,1
8406,1
74,1
8943,0
3798,1
2657,2
3180,2
2076,1
441,3
8384,1
2051,2
2541,1
7402,1
1301,1
5877,1
7368,1
3430,2
1304,1
236,0
8259,1
2599,1
4616,1
2573,1
3280,1
3186,1
3953,1
2768,1
4831,2
4223,1
7894,2
2106,1
2679,2
7325,2
2761,1
4688,2
5399,1
1387,0
2901,2
3577,1
8032,1
8779,2
7083,1
8922,2
7393,1
5000,1
5853,2
1279,2
8562,2
804,1
6404,2
1555,1
8621,1
3190,1
4566,1
4802,2
8789,2
7166,2
4841,1
3594,1
6035,2
6852,1
6958,2
1920,0
513,1
4177,2
6843,2
1308,2
5667,2
914,1
3452,1
3695,1
4242,2
3156,0
2198,2
7840,2
774,1
4425,1
6150,1
6097,1
943,2
822,1
6878,1
5005,2
6612,2
4277,1
164,1
5619,1
4547,1
3983,2
2538,1
6957,1
3191,3
1311,1
8485,1
5207,1
8648,1
8374,2
7585,1
5383,1
3054,2
3675,1
7776,2
7218,1
6722,1
3300,1
3310,0
6904,1
7221,1
327,1
5886,1
2490,2
8808,1
6103,1
5954,1
8781,1
4408,1
832,1
3079,1
7516,0
3462,1
5297,2
1823,2
7643,1
54,1
6230,1
4064,1
3451,1
6305,1
1901,1
1481,2
4873,2
4895,0
7810,2
8038,1
4150,0
7068,1
3335,1
6016,1
7811,3
4926,1
946,2
5797,1
3293,2
2161,2
8939,1
5083,2
6645,2
9083,1
3057,1
7342,2
5490,2
6733,1
768,1
2065,1
8635,1
3495,1
7311,1
285,2
1500,1
4524,2
8551,2
2332,1
2717,2
2079,2
3389,0
722,0
951,1
8058,2
2482,0
2262,2
989,0
3212,2
1759,2
8197,1
4422,1
6704,1
5479,2
1724,1
5182,0
9019,1
341,3
3701,1
4243,2
688,2
3432,1
5203,1
4944,1
966,1
3120,1
8619,2
8049,1
2203,2
2713,1
4757,1
5098,2
8504,1
8675,0
6320,1
5280,1
5975,2
3572,1
4805,2
5299,1
1990,1
4120,1
4759,1
1205,2
5298,2
8467,1
4971,2
954,1
5034,2
6783,1
3600,2
6490,1
8669,1
474,2
3281,1
8070,2
385,1
7973,1
2122,1
1625,1
536,1
6387,1
8761,1
7970,0
5032,1
7833,1
4212,2
6456,1
3507,1
201,1
7304,1
1332,1
7112,1
3502,1
2708,1
6030,1
5031,1
6514,2
4662,1
4021,2
1854,2
8570,1
2872,2
3030,2
1645,1
3417,1
3476,1
8682,1
1792,2
3797,1
3368,2
7196,1
8763,1
5109,1
6024,3
8446,1
126,2
5959,2
3876,1
4451,2
7147,2
3531,1
827,1
7790,1
984,1
7783,1
2443,1
345,2
814,2
6166,2
5779,1
2116,3
793,1
6898,1
2674,2
94,1
4225,2
3756,1
2891,2
2371,1
8536,1
3228,1
7863,1
6359,2
8852,1
7326,1
6028,2
1865,0
4612,1
2645,1
2243,0
5373,2
2336,1
950,2
1120,2
2204,1
419,1
922,2
5408,1
5788,1
5742,1
7667,0
5567,0
8135,2
1202,2
5765,1
1970,1
4018,1
3687,1
1997,1
4033,1
1248,1
2192,2
2712,2
2190,2
4670,1
5142,1
5984,1
6565,1
7804,2
6943,1
2136,2
1065,2
600,1
4227,2
7577,1
77,1
7546,1
2898,1
4820,1
8454,2
6413,1
8007,2
5468,1
5951,1
3391,0
5415,1
2560,1
8162,2
2635,1
5256,1
3530,2
1908,3
235,1
1604,2
7984,2
3490,1
1994,1
2824,2
8437,2
1342,1
1619,1
5287,1
2060,2
9050,1
2219,2
6038,2
260,1
8513,2
3744,2
2026,1
6988,2
4234,1
1917,1
1828,1
6233,1
8482,2
6283,1
4208,1
224,1
6469,1
8558,2
846,2
4289,1
5560,1
2551,1
117,1
5966,1
8195,1
7489,2
5,1
5342,1
4324,1
1063,2
2590,2
3735,1
3517,1
6986,2
6767,2
5622,1
1605,1
1733,2
8491,2
3812,1
8746,1
1761,1
5401,2
2739,3
2472,3
6738,2
6891,1
7943,1
4206,0
6371,2
232,1
8258,0
7561,0
6168,2
3596,1
6288,1
4632,1
125,1
7641,0
6229,1
1296,1
1976,3
8615,2
5750,1
8152,1
3086,1
8428,2
6882,1
8457,2
7673,1
3345,2
8172,2
8566,1
5870,1
6506,1
2797,1
918,1
1646,1
5122,1
5126,1
4621,1
6809,1
364,1
2125,1
8150,1
55,2
638,2
302,1
5811,1
1276,1
4432,2
3644,1
4143,1
2878,2
6493,1
5240,2
8553,1
6937,1
7240,1
2593,1
2393,1
523,1
6376,1
6981,1
6677,1
3900,1
8756,2
5585,1
8509,3
7956,2
7570,3
6777,1
671,1
4188,1
666,2
3266,1
1887,0
7687,2
6031,1
6090,1
6238,1
7350,1
7830,2
760,1
6254,1
1906,2
3818,2
6269,1
4300,1
5569,0
7941,2
4164,2
5971,1
3579,0
2832,2
5449,2
3472,1
6327,2
137,1
7043,3
4892,1
2180,1
7730,2
3177,1
4854,2
4637,1
5115,1
7648,1
4261,1
1331,1
7002,1
6941,1
8017,1
6241,1
9080,0
6881,1
4530,1
4673,1
6996,2
1252,1
3374,1
2814,1
4719,2
6544,1
4858,1
7901,2
8427,0
1077,2
4363,1
770,2
249,1
7239,1
3419,1
4976,2
4544,1
5565,0
7939,1
716,1
8772,1
2048,2
5997,1
6600,1
7245,2
4178,2
4809,1
8617,1
7140,1
7190,2
1460,2
5989,1
2000,1
8175,2
404,1
384,1
8622,1
1633,1
8685,1
4784,2
8593,2
6970,2
3925,1
4158,2
7449,1
8415,1
2193,2
1015,2
5124,2
7418,2
7409,1
2871,1
9,2
1838,1
4804,1
255,1
7026,2
5713,1
3324,1
7714,2
1581,1
924,2
2779,1
7891,2
6132,2
5320,1
7312,1
7102,1
6042,2
3775,1
4835,1
4964,2
539,1
7483,2
2745,2
3719,1
6819,2
4468,1
667,1
7575,0
5063,2
1353,1
7114,0
8884,1
2703,1
3330,1
8053,0
3584,1
8582,1
5645,1
3376,1
1256,1
6190,1
5348,1
4175,1
4910,2
1852,2
6316,1
8959,1
2105,2
133,1
5029,1
928,2
823,1
7576,1
1531,2
1214,1
504,1
6530,1
3072,1
6619,1
3709,1
4849,1
4748,1
4268,2
8982,1
4186,2
5301,1
2923,1
6588,1
1810,2
3486,1
7419,1
3141,1
1324,1
4312,2
7494,1
8638,1
5541,1
6172,1
1540,1
2681,1
8986,1
6313,1
1191,0
5293,1
1542,1
7056,2
2539,0
953,1
7241,1
6731,1
4846,2
6801,2
8010,2
4330,2
5334,1
7330,1
4729,2
6541,1
5305,2
5161,1
7860,2
2156,1
1062,0
1167,2
3636,1
7651,1
5588,1
7192,2
4491,1
7266,1
4980,2
8335,1
9048,2
4946,1
2782,1
717,1
2502,2
4360,1
4171,1
8082,2
8872,1
395,1
7186,0
8930,0
4492,1
1365,2
8659,1
5917,1
4968,1
2914,1
5644,2
3766,2
3440,0
7357,1
6806,2
2143,2
5104,1
5073,2
1571,2
4079,0
1122,1
2786,2
2967,2
2504,1
5988,1
7164,0
728,1
7587,1
7543,1
412,1
5745,1
7668,1
825,1
3267,2
3974,2
8306,2
417,0
6748,1
2082,1
3373,2
5726,1
4107,1
4380,1
7723,2
1066,2
3913,2
5536,2
8002,2
5387,0
5732,1
2738,0
5052,1
4000,1
2427,2
6833,1
1687,1
851,1
6303,1
5878,1
8527,1
2839,2
4611,1
2489,2
6905,1
7390,1
2849,1
6665,1
5881,1
4452,2
7421,1
6484,2
2479,1
6617,1
2141,1
5188,0
2744,1
7253,2
3506,1
1679,1
4249,1
3147,1
8130,2
7004,0
580,1
4070,2
3343,1
7404,1
3672,1
559,2
5237,2
7805,1
512,2
1081,1
1664,1
1931,1
8786,1
1150,1
2838,1
5949,2
8308,1
5177,2
830,1
8311,1
4752,1
8837,2
635,0
4465,1
6799,1
7987,2
7079,1
6966,2
4142,2
7027,1
876,2
4869,0
5315,0
5222,3
4,2
3051,0
5691,1
3124,1
2491,2
3854,1
4777,1
7509,1
6457,1
6293,2
1148,1
574,1
3769,2
4146,1
853,2
5919,1
6614,1
6002,1
4495,1
8173,1
6655,1
2368,1
4780,1
7992,1
2950,1
5625,1
6971,2
8716,1
1841,1
5986,1
537,1
2806,1
5801,2
5596,1
7206,2
7343,2
7560,1
8096,0
784,1
1409,2
154,1
7806,1
3009,1
1686,1
4014,2
7455,2
3863,1
2733,1
1895,2
5442,2
569,1
6709,2
5854,1
1816,2
8319,1
3394,2
3327,1
9075,1
6102,1
2975,2
980,1
190,0
5088,1
699,2
8871,1
606,1
301,2
3420,2
8913,1
1060,1
3444,2
1069,3
2205,1
7339,3
8208,1
7679,1
4642,1
7683,1
7996,1
5600,1
7022,1
4893,1
225,1
3354,2
5895,1
8754,1
3436,2
1693,1
6893,2
1045,1
3446,1
8050,1
9074,1
4735,2
4496,1
1218,1
6015,1
3987,2
4911,1
4493,2
6944,1
5699,2
8352,2
956,1
2869,1
4433,2
4973,1
2961,2
2200,2
98,2
8956,1
2557,1
8445,1
4199,2
5539,2
1648,2
6197,2
6295,1
4499,1
1154,2
2255,1
3170,2
7400,2
7158,0
3108,1
4548,1
5423,1
2049,1
8815,1
8906,2
262,2
4061,2
5534,2
6616,1
8120,1
8155,2
1802,1
4736,2
2385,1
6694,1
5759,2
1959,2
2976,1
8680,1
1843,1
1734,1
2911,0
8338,1
1986,2
6546,1
7098,1
2811,1
659,1
2511,1
4282,1
8800,0
6287,2
1930,2
7125,1
197,1
7777,0
2931,2
8004,1
2327,1
4389,2
4218,2
202,1
3510,1
4931,2
5535,2
5791,2
1707,1
5172,1
5249,1
6528,1
8955,1
5855,2
8164,1
854,1
4737,0
698,2
3696,0
1636,1
7280,1
7554,2
3581,0
1291,1
6585,1
1853,2
5232,1
3763,2
3304,0
1495,2
7994,2
1998,2
663,2
3748,0
4413,2
5530,1
5575,2
8901,1
7526,2
5864,1
6776,1
1306,0
7392,1
5592,1
1663,1
5450,1
3627,0
2693,1
5915,1
3157,2
6668,1
1059,1
4636,1
3242,2
1678,1
6892,2
6374,1
7574,1
1757,1
6019,1
5116,2
8755,1
7408,2
2790,0
863,1
7858,1
1484,1
7035,1
7721,1
5977,1
5134,1
206,2
4488,1
6938,1
6910,2
502,1
7385,2
1028,1
3840,1
8110,1
5056,1
8154,1
2731,2
2454,2
7215,1
3104,1
8392,2
6278,2
3099,2
6184,1
3561,2
5892,1
391,1
6736,1
5618,1
5258,3
2695,1
2027,0
5463,1
2568,1
8006,1
64,0
2062,1
5276,1
7208,1
8684,2
8571,2
6331,3
4859,1
4887,2
878,1
8529,2
7916,2
6863,1
7892,2
6439,1
7869,0
1016,1
7629,0
995,2
4297,3
161,2
5675,1
6873,1
7989,1
3843,2
1021,1
3073,1
7555,2
3943,1
1585,1
3152,2
8226,1
775,1
7099,1
5486,2
6235,1
7041,1
2612,1
7513,2
8433,2
8792,1
5393,2
8838,2
3890,1
3556,1
1528,2
1267,1
7734,1
1899,2
4658,2
3005,1
2734,2
189,1
2747,2
2047,2
7849,1
2558,1
8666,1
6396,2
3385,2
4555,1
1184,1
6420,1
5051,2
5311,2
2433,2
6949,1
769,2
1685,1
8322,3
5578,1
4426,2
466,2
6265,0
5734,1
5191,2
5390,2
860,2
7270,1
